00000100000010100000000000011010
00000100000010110000000000000100
00000100000011000000000001001110
00011100110000110000000000000000
11111100000000000000000000000000
00000000011000010100100000010000
00000001001000100100100000010000
00010101001010010000000000000011
00000000000010010000100000010000
00100000110000010000000000000000
11111100000000000000000000000000
00000000001000100100000000010000
00001101000010000000000000011111
00011100111001000000000000011010
11111100000000000000000000000000
00000000100000010100100000010000
00000001001000100100100000010000
00101000000010000000000000000011
00010101001010010000000000000001
00001001000010000000000000000001
00101100000010001111111111111101
00000000000010010001000000010000
00100000111000100000000000011010
11111100000000000000000000000000
00000100110001100000000000000001
00000100111001110000000000000001
00101100110010100000000000000001
00000000110001100011000000010001
00101100111010110000000000000001
00000000111001110011100000010001
00000100101001010000000000000001
00101100101011001111111111100011
00000000001000010000100000010001
00000000010000100001000000010001
00000000011000110001100000010001
00000000100001000010000000010001
00000000101001010010100000010001
00000000110001100011000000010001
00000000111001110011100000010001
00000001000010000100000000010001
00000001001010010100100000010001
00000001010010100101000000010001
00000001011010110101100000010001
00000001100011000110000000010001
00011100000000110000000000000000
00000000001000110000100000010000
00011100000001000000000000000001
00000000010001000001000000010000
00000100000011000000000000001100
00000000001000100010000000010011
00000000001000100010100000010010
00000000100001010010000000010001
00001100010001010000000000011111
00000100110001100000000000000001
00101000000001010000000000000011
00010100100001000000000000000001
00001000101001010000000000000001
00101100000001011111111111111101
00010100110001110000000000000001
00011100111000110000000000000000
11111100000000000000000000000000
00000000100000110000100000010000
00000000001000100010000000010011
00000000001000100010100000010010
00000000100001010010000000010001
00001100001001010000000000011111
00101000000001010000000000000011
00010100100001000000000000000001
00001000101001010000000000000001
00101100000001011111111111111101
00000100111001110000000000000001
00011100111000110000000000000000
11111100000000000000000000000000
00000000100000110001000000010000
00101101100001101111111111100101
11111100000000000000000000000000