00000100000011000000000000001100
00010101100011010000000000000001
00000101101011100000000000000001
00011101110000110000000000000000
11111100000000000000000000000000
00000000010000110001000000010001
00001100001001000000000000011111
00101000000001000000000000000011
00011000010000100000000000000001
00001000100001000000000000000001
00101100000001001111111111111101
00000000001000100010100000010011
00000000001000100011000000010010
00000000101001100001000000010001
00000000011000110001100000010001
00011101101000110000000000000000
11111100000000000000000000000000
00000000001000110000100000010001
00001100010001000000000000011111
00101000000001000000000000000011
00011000001000010000000000000001
00001000100001000000000000000001
00101100000001001111111111111101
00000000001000100010100000010011
00000000001000100011000000010010
00000000101001100000100000010001
00001001100011000000000000000001
00101101100000001111111111100101
00000000011000110001100000010001
00011100000000110000000000000001
11111100000000000000000000000000
00000000010000110001000000010001
00000000011000110001100000010001
00011100000000110000000000000000
11111100000000000000000000000000
00000000001000110000100000010001
11111100000000000000000000000000