00011100000000110000000000000000
00000000001000110000100000010000
00011100000001000000000000000001
00000000010001000001000000010000
00000100000011000000000000001100
00000000001000100010000000010011
00000000001000100010100000010010
00000000100001010010000000010001
00001100010001010000000000011111
00000100110001100000000000000001
00101000000001010000000000000011
00010100100001000000000000000001
00001000101001010000000000000001
00101100000001011111111111111101
00010100110001110000000000000001
00011100111000110000000000000000
11111100000000000000000000000000
00000000100000110000100000010000
00000000001000100010000000010011
00000000001000100010100000010010
00000000100001010010000000010001
00001100001001010000000000011111
00101000000001010000000000000011
00010100100001000000000000000001
00001000101001010000000000000001
00101100000001011111111111111101
00000100111001110000000000000001
00011100111000110000000000000000
11111100000000000000000000000000
00000000100000110001000000010000
00101101100001101111111111100101
11111100000000000000000000000000